version https://git-lfs.github.com/spec/v1
oid sha256:e0751a630a790ad5c919d2b6bec1797586c3a718c25ffa67ecc68dbb1829a539
size 29431
