version https://git-lfs.github.com/spec/v1
oid sha256:96bcc2b80e51c338a50dddbfd6bfd530a4a32ee00895ee733ec2b108f2d29cfb
size 30829
