version https://git-lfs.github.com/spec/v1
oid sha256:8bc2dc53df96ef765bf08d88b7a7cc96b3240e98a53d7e77f4e677bd629a0256
size 26957
