version https://git-lfs.github.com/spec/v1
oid sha256:0b149d4ac0334e73d24b641d22293cb67bff814242fb52b2293ba16e4498d96c
size 28458
