version https://git-lfs.github.com/spec/v1
oid sha256:bb9c5b66c010e005b7a6b45b928b24619669540be57a19c79a614210c1e45fdc
size 28843
